@4400
81 00 00 44 B1 13 70 00 0C 43 B1 13 00 00 1C 43 
B1 13 6A 00 32 D0 10 00 FD 3F 03 43 
@ffd2
14 44 14 44 14 44 14 44 14 44 14 44 14 44 14 44 
14 44 14 44 14 44 14 44 14 44 14 44 14 44 14 44 
14 44 14 44 14 44 14 44 14 44 14 44 00 44 B1 00 
04 00 B2 40 80 5A 5C 01 D2 D3 04 02 D2 D3 02 02 
00 18 F1 40 D0 07 00 00 81 93 02 00 03 20 81 93 
00 00 0A 24 91 83 00 00 81 73 02 00 81 93 02 00 
F9 23 81 93 00 00 F6 23 D2 C3 02 02 00 18 F1 40 
D0 07 00 00 81 93 02 00 03 20 81 93 00 00 DE 27 
91 83 00 00 81 73 02 00 81 93 02 00 F9 23 81 93 
00 00 D4 27 F5 3F 03 43 03 43 FF 3F 03 43 1C 43 
10 01 
q
